Dean Dean 1991 17.25 8.27 6.24 8.99 9.45 6.82 
Brooklyn Miles 1995 18.78 7.53 7.86 9.60 8.42 8.14 
Isaiah Kirk 1994 17.74 6.38 7.64 9.06 8.82 7.11 
Delilah Davidson 1990 19.62 8.71 7.54 8.13 7.54 7.82 
Dylan Tran 1991 18.08 7.00 7.71 9.39 8.53 9.90 
Sawyer Rocha 1999 19.70 6.49 7.05 8.27 8.00 9.07 
Cooper Romero 1990 16.68 6.44 9.60 9.50 8.59 9.55 
Camila Burgess 1998 18.42 6.98 6.82 6.47 6.56 8.46 
Teagan Landry 1999 15.45 8.99 6.62 8.02 9.53 8.40 
Scarlett Collier 1997 19.12 8.63 7.85 6.17 6.17 9.45 
Naomi Jenkins 1990 15.34 9.95 6.34 7.23 6.91 6.23 
Amelia Wallace 1995 19.88 8.06 7.59 9.99 7.57 8.74 
Christian King 1992 18.08 6.66 8.23 9.02 6.26 6.52 
Adalyn Huff 1995 19.56 7.92 7.27 8.42 7.11 8.85 
Bryce Hanna 1990 17.51 9.40 6.18 6.50 8.83 7.18 
Carlos Jennings 1996 19.91 7.92 8.81 9.76 9.48 9.39 
Waylon Brewer 1994 16.84 6.22 7.96 7.39 7.43 7.35 
Quinn Spencer 1999 15.93 8.73 8.41 8.37 7.03 9.68 
Ruby Cano 1999 19.79 7.42 9.97 6.42 6.89 6.54 
Xander Kent 1992 18.12 7.04 6.48 9.14 7.54 9.08 
Henry Garza 1992 18.18 9.15 9.47 9.89 9.17 6.70 
Gabriella Bush 1997 18.58 7.09 6.91 6.05 8.54 8.65 
Stella Lozano 1993 16.29 7.48 8.31 6.25 8.30 7.39 
Henry Vo 1993 17.64 7.02 7.43 8.36 8.60 8.16 
Victor Whitehead 1990 15.76 9.37 6.58 6.36 6.36 7.31 
Gabriel Bowman 1990 18.11 6.69 7.63 8.53 6.52 9.81 
Amaya Hines 1999 18.75 7.23 7.52 9.67 9.32 8.52 
Gavin Rodgers 1998 17.72 7.89 7.25 8.85 7.94 6.77 
Daisy Henson 1999 16.36 6.37 9.93 8.72 7.23 6.04 
Abel Cooper 1991 19.09 9.61 7.04 6.13 7.18 6.65 
Emersyn Horn 1999 19.87 7.95 8.40 7.76 6.34 9.47 
Ethan Wood 1990 19.08 8.45 6.21 9.69 6.77 7.37 
Samantha Hayes 1994 15.82 6.47 9.62 8.77 6.71 7.87 
Dylan Lewis 1992 18.42 8.51 8.52 9.37 9.67 9.31 
Blake Sutton 1996 19.07 8.75 8.76 9.51 9.94 7.66 
Delilah Long 1992 16.10 7.19 8.56 8.97 6.41 7.40 
Faith Lynch 1999 19.22 6.82 9.90 8.55 9.47 7.83 
Evan Gray 1998 18.67 8.26 7.22 7.64 9.09 8.55 
Alexandra Pham 1990 18.01 8.59 8.93 9.43 8.05 7.76 
Carter Cobb 1996 17.07 6.13 9.20 7.31 6.60 8.34 
Margaret Castro 1996 19.10 9.23 8.70 7.38 6.59 7.90 
Ava Morgan 1997 18.52 9.67 9.05 7.67 7.77 6.72 
Brooks Rosas 1996 19.63 6.63 9.21 7.05 7.30 9.42 
Brooks Barker 1992 15.26 9.27 7.86 9.82 8.51 9.34 
Luna Dudley 1997 19.79 9.44 6.06 8.41 7.94 7.18 
Nolan Osborne 1996 19.54 7.64 6.07 8.13 7.44 7.95 
Carson Khan 1992 18.12 6.22 6.25 6.10 7.70 9.80 
Hayden Olsen 1999 18.64 6.46 9.34 9.25 6.92 8.42 
Abigail Mosley 1995 15.37 8.01 8.09 6.19 7.39 9.85 
Sophie Haynes 1997 18.17 7.04 6.80 6.23 7.13 8.73 
Juan Edwards 1993 18.88 7.29 7.52 6.82 7.19 7.57 
Finley Maynard 1995 15.63 9.17 9.09 6.47 9.06 6.36 
Liam Kelley 1994 18.58 8.13 7.02 7.71 6.21 7.05 
Nora Yates 1991 16.96 9.34 9.70 8.56 9.76 6.17 
Hannah Jacobson 1992 16.60 7.16 7.42 9.73 8.65 9.89 
Emerson Ventura 1991 16.91 9.74 9.88 9.00 6.28 9.34 
Allison Fox 1994 17.90 6.26 6.50 6.41 9.66 7.12 
Jonah Smith 1997 16.10 8.45 8.95 8.27 8.68 8.22 
Mila Oconnor 1997 16.33 9.41 6.70 7.47 9.70 6.11 
Robert Franco 1992 15.68 9.85 8.24 8.16 9.31 9.04 
Lucia Gates 1992 19.82 8.78 9.41 7.54 6.11 8.68 
Aria Finley 1990 19.73 6.15 7.20 9.22 7.94 8.96 
Jocelyn Saunders 1990 17.00 7.93 7.92 6.29 6.14 6.88 
Charlie Stevenson 1997 19.44 7.36 8.44 6.15 7.38 9.98 
Cooper Peck 1992 18.67 8.95 8.65 6.96 9.59 9.43 
Luca Griffith 1997 16.10 9.01 7.41 9.89 6.54 8.99 
Cecilia Winters 1995 18.85 9.19 7.58 9.24 9.43 6.34 
Jameson Castillo 1995 16.33 6.76 6.48 6.32 8.17 6.56 
Jace Sanders 1992 16.66 9.89 7.23 8.26 7.87 7.95 
Lillian Buchanan 1990 16.87 7.08 9.57 8.74 7.63 9.99 
Ariel Perez 1994 16.09 7.50 7.21 6.39 7.86 7.85 
Juliette Bradley 1997 17.56 8.47 6.11 9.07 8.97 9.98 
Jordan Cortez 1995 17.10 8.45 7.83 7.20 7.60 6.32 
Ayden Gardner 1990 18.30 8.39 7.79 6.83 6.54 7.89 
Tucker Weber 1991 18.46 8.15 7.85 8.29 8.51 8.98 
Thomas Cox 1994 15.39 6.36 6.09 8.05 6.88 7.88 
Bailey Navarro 1994 19.75 6.89 8.06 7.57 7.34 6.20 
Kimberly Gallegos 1994 16.18 7.70 9.22 6.97 6.33 8.37 
Rylee Beck 1994 15.49 9.33 7.88 8.06 8.65 8.64 
Jayce Stevens 1995 17.39 7.15 9.16 8.54 9.23 7.51 
Elena Tyler 1996 17.55 8.44 9.41 8.66 9.49 9.63 
Tucker Hail 1994 16.56 8.20 6.06 8.92 6.67 9.78 
Ezra Medrano 1995 19.94 6.19 9.13 8.92 7.19 6.84 
Amara Roberson 1992 18.26 9.87 9.16 8.55 7.21 6.27 
Sebastian Watts 1992 15.37 9.05 6.73 8.34 7.24 8.96 
Valerie Hale 1991 16.16 9.52 6.44 9.69 7.03 8.35 
Jose Palmer 1999 17.50 8.42 9.45 7.35 8.27 6.70 
Jason Parker 1994 19.79 9.84 7.94 8.62 9.23 7.67 
Hailey Sexton 1996 17.30 7.35 6.60 9.54 9.30 9.16 
Henry Trejo 1990 19.54 9.55 7.63 8.79 6.58 8.18 
Ryker Roth 1998 17.47 7.72 7.44 9.61 9.43 8.27 
Jeremiah Rivers 1996 17.83 6.69 7.99 9.14 8.62 7.92 
Juliette Vincent 1990 15.17 7.00 8.25 6.49 8.39 7.22 
Summer Chambers 1990 19.57 9.06 6.03 9.98 6.50 6.28 
Ryleigh Silva 1992 15.33 7.66 8.59 9.12 6.56 7.39 
Jackson Galindo 1991 17.30 8.13 6.33 9.78 6.26 6.89 
William Avery 1996 17.74 7.79 8.62 6.75 8.56 8.37 
Colton Rivas 1995 18.93 7.97 8.52 7.92 6.00 9.15 
Bryson Ramirez 1992 16.12 9.61 7.43 7.95 6.34 8.57 
Amara Reed 1997 17.22 6.92 9.32 8.61 6.54 6.67 
Gianna Schroeder 1990 16.08 6.03 8.38 6.13 7.71 8.61 
Clara Burnett 1993 17.54 6.18 8.32 6.26 7.14 7.05 
Adeline Boyd 1994 18.75 8.87 6.72 7.63 7.02 9.14 
Cora Summers 1999 17.86 6.53 8.48 8.59 7.93 7.65 
Eden Todd 1994 17.90 7.59 6.21 9.28 7.07 8.23 
Evan Wise 1998 19.72 7.86 7.65 8.79 9.22 9.00 
Raelynn Vargas 1996 19.95 8.72 9.76 6.55 8.97 7.71 
Caroline Mayer 1995 15.83 7.19 7.32 8.44 7.08 7.66 
Joel Middleton 1995 15.02 8.95 9.75 6.31 6.98 7.16 
Maxwell Hickman 1996 15.08 6.40 7.94 9.70 9.58 9.03 
Hadley Case 1991 17.95 8.51 6.84 7.43 8.98 6.53 
Edward Moran 1992 15.93 8.32 6.07 6.94 6.58 7.02 
Trinity Mays 1998 15.58 8.88 8.90 7.60 9.83 8.23 
Matteo Lucas 1995 18.73 7.55 7.63 6.14 9.57 9.60 
Chloe Nash 1997 19.98 7.80 6.14 6.73 7.11 9.59 
Easton Williamson 1992 19.87 9.50 9.37 9.63 6.45 7.81 
David Lyons 1999 19.43 9.75 7.98 8.58 9.16 9.02 
Scarlett Macias 1998 19.40 8.74 6.54 7.10 8.81 9.85 
Gael Jackson 1990 19.21 9.64 6.51 8.00 9.49 6.78 
Sawyer Vasquez 1994 18.15 7.32 6.92 9.04 6.94 7.37 
Grace Shields 1990 17.83 6.72 8.98 8.92 7.27 6.45 
Ezra Cantu 1998 18.55 7.15 7.20 8.08 8.99 7.79 
Juan Moyer 1998 16.31 7.48 9.21 6.29 7.85 7.11 
Savannah Stephenson 1991 15.18 9.10 7.78 7.64 8.29 6.03 
Avery Pittman 1998 15.79 7.90 7.51 7.62 8.27 8.77 
Isabel Patton 1994 19.22 7.87 6.77 9.94 9.13 9.88 
Nova Acosta 1996 17.38 6.22 6.82 8.77 9.13 8.73 
Asher Allen 1990 16.82 6.41 6.16 9.32 8.79 6.53 
Lydia Ayers 1999 18.35 7.89 8.35 9.07 7.39 9.96 
Mason Velasquez 1993 15.77 8.32 8.82 6.16 8.56 8.61 
Reese Hebert 1998 15.09 9.16 9.82 6.14 8.38 6.36 
Madeline Lamb 1995 16.26 9.11 7.18 9.26 9.26 9.10 
Everett Hunt 1994 19.56 6.43 7.85 8.25 7.57 7.73 
Kai Woodard 1994 19.28 8.04 7.72 9.70 6.66 7.87 
Brayden Warren 1994 16.60 9.00 6.31 7.90 8.78 9.76 
Aubrey Correa 1997 15.75 8.73 6.76 7.31 7.26 6.03 
Tyler Delacruz 1998 16.22 7.23 9.49 8.72 7.07 7.22 
Matteo Butler 1991 18.15 8.10 6.31 7.03 7.27 8.98 
Jonathan Strong 1995 17.30 6.54 7.09 7.89 6.82 8.04 
Noah Drake 1993 16.66 8.09 6.87 7.83 8.09 7.98 
Landon Garner 1994 16.36 9.74 9.73 9.08 6.07 6.84 
Addison Cantrell 1998 15.48 7.57 7.18 8.04 8.66 7.61 
Hudson Donaldson 1997 16.59 7.37 9.69 9.51 9.58 7.66 
Isabella Ramsey 1993 19.30 8.48 8.68 6.77 6.68 8.57 
Ella Chen 1999 15.93 6.19 8.53 6.70 6.98 7.82 
Emilia Barrera 1997 16.90 9.92 6.22 6.81 6.68 7.46 
River Brennan 1991 17.33 8.59 9.52 9.51 7.54 9.68 
Tucker Bernal 1999 17.14 7.99 6.07 6.75 6.41 8.56 
Mila Golden 1994 15.20 6.18 7.92 6.03 6.19 7.69 
Annabelle Wright 1995 17.46 9.48 8.83 8.12 8.47 7.91 
Alina Benjamin 1992 18.45 6.39 6.28 6.63 9.17 9.05 
Jasmine Fleming 1993 16.58 9.17 7.35 9.05 8.68 9.24 
Jeremiah Richmond 1990 15.63 6.93 9.72 8.31 7.43 7.36 
Brody Roach 1999 16.51 8.02 9.78 6.86 8.84 8.76 
Riley Lane 1991 15.88 9.64 6.62 6.84 6.86 8.49 
Aiden Hamilton 1991 19.35 6.94 8.95 9.56 6.54 9.75 
Everett Tang 1992 16.04 9.37 6.37 6.01 8.50 8.07 
Nicolas Morris 1994 16.54 6.88 9.87 9.59 7.34 9.01 
Lily Flores 1994 19.83 7.19 9.94 8.70 8.37 9.21 
Melody Hobbs 1991 19.28 6.24 6.88 7.98 8.32 9.86 
Logan Sparks 1991 16.21 8.63 9.32 7.22 7.73 8.60 
Miles Solis 1999 15.70 6.26 7.16 6.11 7.27 8.55 
Elise Faulkner 1993 17.81 7.52 7.55 6.28 9.55 6.61 
Diego Rangel 1992 18.77 6.16 7.64 8.54 8.62 6.64 
Mya Casey 1995 15.19 9.37 8.13 6.02 8.38 7.66 
Calvin Travis 1997 18.31 8.84 9.11 7.34 7.81 9.57 
Hazel Merritt 1999 15.86 8.15 9.65 6.81 7.42 9.12 
Nathan Andrews 1997 17.46 7.89 6.60 6.24 8.98 6.82 
Mila Villegas 1991 15.33 9.49 6.13 8.83 8.12 6.82 
Trinity Gaines 1991 19.22 9.61 8.75 6.43 8.08 9.34 
Zayden Thompson 1994 16.81 7.26 7.93 6.39 7.82 8.54 
Elizabeth Blake 1993 17.44 9.44 6.17 8.32 6.25 9.83 
Andrea Baker 1995 18.14 9.61 9.99 9.96 6.51 8.33 
Finn Clayton 1995 15.32 9.25 8.89 6.90 8.08 9.29 
Luca Harris 1992 18.36 9.01 8.27 7.43 7.98 8.26 
Kai Hogan 1991 19.28 9.04 8.36 6.61 7.83 7.80 
Bryson Meyers 1993 16.83 6.92 8.75 7.79 7.05 8.47 
Noah Willis 1997 16.88 7.43 7.32 8.46 7.24 7.01 
Eli Walter 1996 19.96 9.45 7.42 7.53 7.56 6.40 
Riley Cameron 1996 17.43 6.61 9.25 6.15 8.97 8.67 
Parker May 1991 15.87 6.68 8.19 8.34 6.12 6.69 
Luke Dunlap 1996 16.67 6.47 9.17 6.24 7.94 9.41 
Piper Wyatt 1996 16.93 9.21 8.71 6.09 9.95 9.26 
Sawyer Strickland 1994 16.66 6.39 9.12 7.95 8.62 9.77 
Robert English 1997 17.01 9.37 6.69 9.56 6.91 9.12 
Tyler Mcbride 1993 16.94 8.55 9.78 8.22 7.05 8.55 
Summer Sherman 1991 16.76 6.65 9.34 9.66 7.33 9.07 
Timothy Hardin 1992 18.21 9.31 9.14 7.47 8.79 7.41 
Emery Lam 1991 16.82 6.95 7.02 7.29 6.85 9.09 
Ian Barrett 1994 17.42 6.28 8.88 7.05 9.75 8.26 
Silas Campos 1992 17.23 8.76 7.16 9.41 9.29 6.90 
Emmanuel Branch 1998 15.14 7.34 8.47 9.31 7.56 7.71 
David Barnett 1992 15.59 6.48 9.61 6.59 6.68 9.59 
Maya Baxter 1995 17.58 9.51 6.27 9.92 7.72 6.82 
Rachel Rollins 1998 18.07 8.99 6.81 7.13 8.80 8.47 
Diana Dyer 1993 16.42 8.55 8.35 8.52 9.08 8.01 
Daniel Rojas 1994 17.91 7.03 6.87 9.97 6.11 9.05 
Scarlett Barber 1995 17.08 9.85 6.98 7.24 6.98 9.81 
Daniel Hanson 1993 17.41 8.85 6.43 7.18 8.00 7.33 
Hunter Mills 1996 17.52 6.68 9.42 6.10 6.99 8.33 
Carson Simmons 1999 15.59 8.90 7.65 9.10 8.99 6.58 
Ryder Spears 1992 16.31 9.95 9.46 7.41 7.25 6.82 
Kai Rice 1992 17.05 8.39 8.69 6.55 6.27 9.47 
Nicholas Olson 1995 18.58 8.33 9.41 6.43 7.09 6.66 
Henry Love 1990 19.49 6.11 9.40 6.78 7.84 7.16 
Sydney Phan 1990 17.64 9.31 8.38 7.60 9.79 8.58 
George Wilkinson 1993 15.45 6.48 7.13 8.84 8.34 8.28 
Aubrey Cabrera 1995 17.08 6.05 8.05 7.64 8.80 8.28 
Mackenzie Riley 1998 17.21 6.39 7.06 7.02 9.82 6.43 
Parker Gentry 1998 18.35 6.26 9.62 7.58 7.46 7.19 
Aaron Bean 1995 15.03 8.42 7.82 6.82 7.94 6.34 
Beau Price 1998 17.86 6.88 7.57 6.69 6.29 7.79 
Joseph Zavala 1992 19.94 7.19 6.51 7.60 7.55 7.33 
Ryder Hill 1994 18.04 6.61 8.97 6.57 6.33 6.90 
Ivan Le 1995 16.03 6.44 7.78 8.04 8.53 8.02 
Eric Dillon 1990 17.44 7.95 8.59 6.08 8.10 9.23 
Brayden Dominguez 1997 17.54 9.69 8.36 9.04 8.38 8.33 
Brooklyn Spence 1994 16.53 7.80 8.54 6.15 9.23 9.57 
Zion Sullivan 1996 16.90 7.44 6.87 9.28 6.49 6.37 
Savannah Hayden 1994 17.82 9.65 7.59 6.36 7.90 8.51 
Emmett Atkins 1992 17.38 9.24 8.61 6.25 7.62 7.69 
Hunter Ware 1997 17.74 8.31 7.17 9.90 6.99 9.76 
Ryan Page 1994 17.09 6.78 9.53 7.57 9.99 7.82 
Callie Mcdaniel 1997 17.35 9.28 9.34 7.92 9.07 7.11 
Easton Rosario 1997 18.81 6.66 7.02 9.37 7.45 7.91 
Sydney Keith 1997 16.05 8.67 7.65 7.22 9.06 9.42 
Evelyn Adkins 1994 16.57 7.76 6.25 6.94 9.75 9.65 
Isabel Morrow 1993 16.89 7.77 6.49 8.94 7.81 7.32 
Jayce Hernandez 1998 16.69 9.20 9.05 8.55 9.53 9.78 
Arya Miranda 1996 19.04 9.85 6.07 7.18 8.41 7.28 
Ruby Juarez 1999 17.11 7.20 6.60 6.46 7.19 9.68 
Aubrey Soto 1996 19.94 8.11 6.06 8.26 9.83 6.06 
Eva Hunter 1991 19.18 8.28 9.89 6.14 7.61 9.05 
Michael Pratt 1995 19.29 9.21 7.57 6.96 9.85 7.02 
Gabriella Schaefer 1997 19.37 8.74 7.43 6.89 6.95 7.39 
Jason Wade 1997 18.85 8.11 9.39 7.24 6.17 8.10 
Karter Reid 1990 16.78 6.01 6.10 8.18 7.20 6.42 
Riley Mercado 1994 18.24 8.16 7.58 8.10 6.58 8.10 
Brianna Felix 1995 15.94 6.42 8.07 7.49 8.53 8.09 
Cameron Arroyo 1991 17.27 6.91 8.22 8.88 7.81 8.36 
Alexandra Lawrence 1990 16.69 8.83 9.53 8.03 7.80 9.31 
Greyson Adams 1994 16.42 6.46 8.44 6.93 7.93 6.15 
Trinity Patrick 1996 19.63 6.38 6.09 8.94 7.27 6.13 
Naomi Pace 1990 15.69 6.39 6.34 8.23 9.92 7.09 
Aaron Howard 1992 18.91 7.54 9.38 7.61 6.08 9.97 
Alice Hood 1994 17.72 9.91 8.79 8.30 9.58 7.64 
Thomas Grant 1995 17.74 8.02 6.20 8.82 9.00 7.64 
Quinn York 1996 17.21 7.76 8.75 6.37 6.74 8.76 
Ezekiel Krueger 1993 17.53 6.09 7.54 7.06 9.46 8.50 
Remi Kim 1990 19.53 9.56 6.06 7.22 7.45 9.31 
Ava Reyes 1994 17.72 7.34 6.42 8.33 8.33 9.88 
Kingston Blanchard 1997 15.61 7.85 7.32 6.23 9.54 7.93 
Victor Alvarado 1999 18.37 6.43 6.11 6.38 6.05 7.23 
Richard Davenport 1997 16.63 8.42 7.82 7.78 9.56 8.54 
Estefany Walton 1992 16.05 6.82 6.93 8.18 9.12 7.12 
Aubrey Escobar 1991 15.91 8.70 8.70 9.30 6.71 6.64 
Charlie Ibarra 1997 16.89 7.72 7.02 8.20 6.89 7.90 
Declan Mcmillan 1991 18.62 9.42 7.54 7.01 6.00 6.90 
Ryker Bernard 1999 17.30 6.08 9.11 7.73 9.26 9.68 
Luke Rogers 1996 19.91 8.73 9.27 8.14 8.23 6.52 
Aaron Arnold 1999 17.82 8.05 8.11 7.98 6.89 8.75 
Paisley Barry 1999 19.71 6.53 7.38 9.65 6.37 7.30 
James Reeves 1998 17.36 9.21 7.56 9.12 7.05 8.03 
Maddox Hensley 1998 15.57 6.98 7.42 8.81 8.30 6.32 
Sara Malone 1999 16.16 7.61 7.33 7.58 6.88 7.78 
Nova Kemp 1999 19.45 8.60 7.12 8.83 8.65 7.10 
Kayden Erickson 1992 19.59 6.92 6.24 8.42 7.94 6.71 
Everett Knox 1995 19.16 8.97 6.22 7.56 6.84 8.62 
Cora Henry 1999 17.26 6.34 8.89 9.64 8.34 8.90 
Riley Holmes 1995 19.48 8.36 9.40 8.21 8.38 6.35 
Scarlett Deleon 1995 15.70 9.61 7.55 7.87 8.15 6.20 
Aubrey Snyder 1993 18.03 8.10 9.67 7.48 6.44 8.96 
Wyatt Moss 1990 16.97 8.54 7.34 8.14 6.33 8.40 
Eliana Mcdonald 1998 19.36 6.70 8.15 7.92 8.22 6.15 
Gavin Robertson 1992 17.85 9.73 9.61 7.70 7.13 8.32 
Owen Anderson 1999 19.92 7.65 6.56 9.09 8.84 8.20 
Braxton Santos 1990 16.29 8.68 9.73 8.20 9.57 6.34 
Thiago Padilla 1992 18.68 7.36 6.89 8.22 9.04 7.61 
Peyton Pearson 1995 16.85 6.34 7.15 8.33 9.05 6.15 
David Aguilar 1999 16.53 8.63 6.31 8.84 6.71 8.50 
Elias Carpenter 1996 18.59 8.81 8.21 6.34 9.03 8.46 
Bella Holloway 1994 18.34 9.34 9.70 9.08 7.01 7.51 
Brooklyn Garrett 1999 16.47 7.04 7.78 6.55 7.06 9.07 
Eden Stark 1994 19.76 9.35 6.48 9.74 6.50 7.22 
Elliana Berg 1993 16.12 7.83 6.26 8.44 9.87 7.21 
Natalia Rhodes 1992 15.98 7.47 8.42 6.22 6.72 8.76 
Kingston Leach 1998 17.43 9.23 6.02 9.64 6.47 7.29 
Ezra Floyd 1998 18.76 9.60 9.93 6.59 6.01 8.83 
Christian Higgins 1990 16.59 7.20 7.86 8.90 8.12 8.10 
Eric Schmitt 1995 19.08 9.88 9.83 6.45 7.81 7.71 
Colton Skinner 1993 15.28 9.41 8.31 8.56 7.18 6.30 
Maya Aguirre 1995 19.47 7.02 9.47 9.00 6.63 6.91 
Miles Torres 1994 19.58 7.90 8.14 9.05 9.67 6.84 
Elena Mccullough 1995 19.01 6.90 7.32 9.81 8.25 8.28 
Gavin Mendoza 1999 19.96 8.08 6.44 7.96 9.77 7.31 
Jonah Garrison 1999 15.75 6.37 8.06 9.62 8.20 8.82 
Londyn Liu 1995 16.70 9.93 8.36 7.09 9.50 8.32 
Logan Mckee 1997 15.74 9.95 6.21 6.54 7.39 7.44 
Lorenzo Townsend 1995 16.03 8.70 6.56 8.13 8.65 8.25 
Michael Bentley 1992 17.65 7.62 7.10 8.13 7.12 9.33 
Graham Hancock 1993 18.99 8.31 9.64 6.59 7.56 6.22 
Juan Mccall 1990 15.45 7.31 9.04 7.81 9.72 6.48 
Sophia Banks 1992 16.45 8.50 7.19 6.86 9.56 9.88 
Finn Sawyer 1999 17.54 9.89 9.45 8.00 6.57 6.50 
Zoey Quintana 1996 19.39 7.96 6.30 9.58 8.71 7.90 
Valentina Rose 1994 17.66 6.09 7.68 7.96 6.30 7.50 
Ashton Francis 1990 19.07 6.07 7.36 6.94 6.28 6.15 
Brandon Wells 1990 19.15 7.97 8.90 8.40 8.52 9.19 
Cora Lowery 1990 17.83 6.96 9.59 6.56 6.30 8.92 
Jayden Jimenez 1998 18.67 7.84 6.79 9.12 9.15 6.57 
Ximena Hawkins 1999 19.39 6.03 6.99 7.90 7.35 8.22 
Jackson Vance 1993 17.51 7.27 7.86 6.19 9.87 6.63 
Sienna Meyer 1990 16.60 6.41 9.25 7.45 6.60 7.97 
Cecilia Mcintosh 1990 15.33 6.44 7.83 8.17 6.15 6.33 
Hazel Zimmerman 1993 19.80 8.54 7.12 6.81 7.47 6.49 
Leilani Davila 1990 19.91 9.23 6.49 6.95 9.97 8.72 
Aiden Knapp 1999 18.23 8.36 8.43 8.02 9.70 8.90 
Ximena Quinn 1995 16.18 8.82 8.84 9.28 6.35 9.04 
Daniel Herman 1995 20.00 7.22 9.26 9.94 8.50 9.36 
Peyton Giles 1992 18.77 6.48 8.97 6.38 9.71 9.40 
Melanie Brandt 1990 18.56 8.26 6.57 6.14 6.14 6.96 
Faith Meadows 1992 17.19 6.84 8.07 8.77 6.31 8.71 
William Harper 1991 15.39 6.68 8.54 7.75 8.93 8.74 
Alina Diaz 1999 17.29 7.34 9.88 9.79 7.71 9.60 
Diana Paul 1997 18.06 7.92 7.01 8.93 9.32 8.77 
Maxwell Parsons 1990 19.79 6.72 9.68 8.49 6.67 9.34 
Kaiden Holt 1993 15.11 6.58 9.25 6.56 9.53 8.90 
Lucas Blackwell 1992 17.19 7.10 6.88 6.33 8.01 6.28 
Isaac Murphy 1998 19.64 8.20 7.59 8.22 9.86 6.22 
Bella Cross 1993 17.21 8.28 7.18 7.54 9.03 8.26 
Lincoln Xiong 1991 18.67 7.50 9.51 9.50 6.62 6.80 
Ryder Stone 1999 15.93 9.78 7.04 6.70 7.49 8.67 
Leilani Calhoun 1994 17.05 8.39 8.74 8.45 8.70 8.95 
Jayce Campbell 1990 18.33 6.92 6.29 6.09 6.08 6.12 
Jasper Frost 1994 15.21 9.82 9.24 8.33 7.93 6.94 
Gabriella Boyer 1995 16.72 8.08 9.75 8.75 8.36 6.65 
Calvin Montgomery 1996 18.77 8.87 9.40 7.64 6.29 7.19 
Charlotte Macdonald 1999 19.30 6.94 6.90 6.77 7.10 7.41 
Ella Hutchinson 1995 17.47 8.94 8.52 7.29 7.75 9.40 
Ruby Conner 1994 15.66 6.24 6.69 9.56 7.01 9.57 
Matteo Esparza 1997 18.00 9.36 7.73 7.55 6.28 9.35 
Matteo Mccoy 1998 19.36 6.07 9.85 9.32 8.05 8.09 
Genesis Moody 1991 17.34 6.78 8.96 9.21 7.75 9.07 
Zane Gilmore 1992 19.25 8.24 6.99 8.29 7.98 7.53 
Violet Pitts 1990 15.80 9.21 9.28 9.20 6.64 6.15 
Weston Simpson 1990 15.91 8.95 8.57 8.22 8.87 7.48 
Tristan Combs 1990 18.66 8.04 9.88 6.09 6.37 7.82 
Adrian Melton 1998 19.04 9.31 9.41 8.89 9.88 6.88 
Kaylee Arias 1992 15.33 8.02 6.60 6.15 6.59 9.96 
Kayden Scott 1998 18.11 8.57 8.12 7.32 7.85 8.70 
Elliott House 1996 17.93 9.95 6.83 9.76 6.84 9.07 
Zachary Perkins 1997 17.15 8.60 7.70 7.46 8.11 7.73 
Nicholas Wiley 1991 16.80 7.29 9.99 8.13 6.39 9.56 
Jayden Clay 1991 19.53 7.08 8.33 6.06 8.90 6.48 
Estefany Shepard 1990 17.55 7.44 9.35 6.15 9.23 8.03 
Amara Richards 1991 17.57 6.77 8.89 8.12 9.13 8.96 
Joseph Espinosa 1996 19.32 9.96 8.57 7.99 6.93 9.93 
Esther West 1990 17.65 6.88 6.78 6.12 8.69 6.77 
Madelyn Good 1993 16.79 8.27 9.17 6.64 9.19 7.11 
Jade Compton 1990 18.12 6.23 8.70 9.43 9.56 8.99 
Gabriel Farmer 1994 17.24 9.18 7.10 9.45 6.87 6.05 
Sara Horton 1993 16.75 9.30 7.82 6.27 9.02 7.31 
Tyler Odonnell 1996 19.65 9.83 9.29 6.01 7.50 9.70 
Parker Fields 1995 16.67 7.87 6.65 8.26 7.67 6.12 
Ivy Estes 1992 15.91 6.27 9.47 9.70 7.11 9.75 
Jaxson Mullen 1990 16.02 8.23 6.86 9.77 7.26 8.13 
David Roy 1992 19.90 6.15 9.07 6.80 6.26 6.35 
Elizabeth Phelps 1999 18.18 6.72 7.73 8.98 9.14 7.28 
Luca Hess 1993 18.49 8.44 8.36 7.89 9.52 8.05 
Tucker Ashley 1991 16.27 6.55 6.08 9.79 7.99 7.96 
Robert Jefferson 1993 17.84 7.43 6.04 9.89 7.06 7.21 
Madeline Hammond 1994 15.82 6.84 7.97 8.62 7.99 8.21 
George Velez 1999 17.77 9.76 8.34 7.02 7.40 9.80 
Hailey Suarez 1990 16.80 7.48 8.83 9.15 7.21 8.58 
Samantha Heath 1999 19.56 7.16 9.96 6.08 8.62 7.46 
Bryson Hopkins 1990 19.69 6.95 6.40 7.73 9.87 6.82 
Zoe Barajas 1999 19.22 9.66 8.42 6.17 7.95 9.03 
Nolan Keller 1996 17.95 7.84 7.45 9.91 6.62 6.42 
Charlotte Kennedy 1999 19.33 9.96 8.59 7.50 6.97 8.97 
Maddox Graves 1996 16.68 8.22 8.09 6.28 8.25 8.41 
Ariana Foley 1994 19.16 8.45 8.21 8.78 8.43 8.06 
Dylan Crane 1999 16.39 6.65 6.24 9.71 8.02 7.09 
Brantley Hodges 1991 17.08 6.54 9.62 8.60 9.87 6.04 
Aaron Peterson 1991 17.94 9.21 8.32 8.65 6.58 6.11 
Lorenzo Zamora 1999 19.41 6.57 6.82 6.33 8.39 7.46 
Adeline Madden 1996 16.71 7.64 9.18 7.15 8.54 9.81 
Nathan Wong 1990 18.16 8.03 9.27 7.40 8.70 8.35 
Melody Crawford 1999 17.98 7.19 6.91 9.85 7.10 7.13 
Benjamin Yang 1993 17.72 7.25 7.76 9.64 8.00 8.33 
Eleanor Ray 1997 17.02 6.83 9.47 9.76 9.84 7.60 
Lucy Guerra 1990 19.28 9.93 9.73 8.40 6.18 6.62 
Daniel Vaughn 1993 15.67 8.49 6.89 6.24 9.76 6.45 
Norah Sanford 1999 16.20 6.34 6.72 6.03 9.80 9.42 
Ryker Leblanc 1997 16.07 7.95 9.57 6.28 9.52 6.54 
Justin Abbott 1994 15.01 9.71 7.49 9.67 7.95 8.42 
Declan Burch 1992 17.34 7.56 6.90 8.17 8.51 6.94 
Arabella Ball 1995 18.14 9.90 9.42 9.96 6.59 7.48 
Mackenzie Morton 1993 15.99 7.11 8.70 6.30 7.75 8.41 
Zion Herring 1994 16.22 8.44 8.61 8.02 7.42 7.97 
Bryson Schneider 1998 16.39 7.81 6.45 9.26 7.42 6.24 
Carter Morales 1995 16.84 8.44 8.13 8.34 8.12 6.94 
Gabriella Little 1995 17.38 6.03 6.33 8.47 9.28 8.99 
Kayla Clark 1991 17.59 8.96 9.29 9.17 9.39 7.85 
Bentley Chapman 1992 16.63 8.47 6.43 7.71 6.85 6.37 
Xander Hodge 1997 18.56 6.18 6.68 8.12 6.68 7.31 
Eloise Walters 1996 18.08 6.15 6.47 6.35 6.03 7.33 
Sofia Hurst 1994 18.97 9.43 8.21 9.46 9.10 7.60 
Logan Vazquez 1996 18.56 9.59 9.07 6.36 9.69 9.53 
Claire Daugherty 1992 15.31 7.67 7.07 7.06 9.99 6.01 
Annabelle Owens 1994 17.27 7.93 8.10 9.42 9.08 7.49 
Jeremiah Swanson 1996 15.82 9.79 9.74 9.30 6.32 8.08 
Evan Randall 1997 18.31 8.55 9.52 9.17 9.43 9.54 
Diana Carter 1998 16.88 6.40 6.12 7.45 7.46 9.56 
Esther Daniels 1992 18.89 7.02 6.93 6.56 7.92 7.83 
Isaac Quintero 1995 17.52 7.16 7.22 9.91 7.20 6.04 
Nicolas Sloan 1998 18.91 7.77 8.71 9.58 9.95 6.16 
Justin Wheeler 1997 15.50 7.85 8.66 6.14 6.31 7.34 
Gracie Noble 1991 16.73 9.09 6.65 6.46 6.79 9.06 
Kayla Wolf 1996 17.74 6.84 6.90 7.18 7.57 7.28 
Brayden Woods 1992 16.85 8.57 9.95 6.97 6.93 9.47 
Mila Santiago 1991 15.54 6.16 8.81 9.09 6.13 9.44 
Bryson Carr 1990 18.41 6.99 6.24 9.00 9.33 8.14 
Alexis Taylor 1996 15.02 6.78 9.05 7.95 7.20 8.91 
Silas Mann 1998 19.50 6.78 7.05 8.02 9.24 9.95 
Julian Gould 1992 19.94 9.68 7.38 9.01 9.12 7.92 
Kimberly Welch 1998 16.85 7.97 6.69 7.30 6.67 7.72 
Jonathan Armstrong 1997 17.65 8.13 8.45 8.46 7.51 7.09 
Justin Mack 1998 15.33 7.36 8.81 8.33 6.74 7.88 
Ethan Maxwell 1996 19.36 9.45 8.91 7.03 9.44 8.35 
Callie Reese 1996 15.43 6.90 9.31 6.11 6.15 8.64 
Allison Pena 1991 15.76 7.62 6.83 6.68 7.19 9.23 
Emmett Flynn 1998 19.16 6.05 6.73 8.71 7.73 6.22 
Katherine Potts 1994 19.56 9.30 8.44 6.67 8.12 8.25 
Greyson Boone 1996 17.25 8.01 7.06 9.63 9.75 10.00 
Thiago Hester 1994 15.07 6.92 9.62 6.62 7.67 7.58 
Aurora Yu 1999 18.64 9.98 9.46 9.45 9.72 7.62 
Eric Frye 1995 17.48 7.03 7.75 6.61 8.50 7.23 
Xavier Rasmussen 1999 19.34 7.69 7.04 8.64 9.54 9.55 
Samuel Cline 1994 16.00 9.37 8.04 9.23 8.41 6.08 
Ariel Alvarez 1998 16.67 6.13 6.36 6.81 8.01 9.11 
Graham Pope 1994 15.83 9.08 9.70 6.22 8.23 7.40 
Ella Carey 1992 19.57 7.99 7.96 6.07 7.94 8.09 
Arianna Crosby 1993 18.48 6.13 9.59 6.84 7.71 6.67 
Weston Mcfarland 1991 16.01 8.91 6.99 7.59 7.50 6.24 
Graham Enriquez 1994 16.58 8.23 7.45 8.78 6.74 7.06 
Ella Kaur 1998 17.46 6.81 9.52 7.43 8.76 8.14 
Andrew Vang 1999 17.26 9.14 6.87 7.21 7.27 8.10 
Tyler Blackburn 1994 18.60 9.15 6.84 8.42 8.00 6.12 
Dylan Valencia 1996 18.41 7.04 8.03 6.54 6.58 8.86 
Weston Robinson 1990 19.65 9.86 8.12 9.82 9.77 6.59 
Emmett Hardy 1999 19.84 8.43 6.98 7.44 8.30 9.22 
Summer Norman 1991 16.70 7.36 6.05 8.56 6.63 9.02 
Cole Fisher 1997 18.85 8.98 8.41 7.25 7.78 8.06 
Aliyah Kramer 1998 17.07 8.16 7.29 9.00 6.13 9.50 
Nora Benton 1995 18.62 6.85 9.06 7.66 8.05 7.69 
Finn Berger 1999 16.69 7.64 7.57 9.93 6.11 8.17 
Xander Melendez 1999 17.12 8.66 7.31 9.10 8.39 9.20 
Caleb Mcclain 1992 18.29 6.39 8.47 9.39 6.87 9.16 
Alexa Fernandez 1996 16.54 9.49 7.59 8.89 9.56 8.09 
Grant Delgado 1992 19.18 7.25 6.28 6.32 6.83 7.94 
Sadie Cain 1999 19.35 8.35 8.38 7.00 7.35 8.05 
Alan Beltran 1999 17.60 8.08 6.03 9.82 9.52 6.12 
Micah Salazar 1992 15.44 9.15 7.24 8.94 8.27 8.82 
Lilly Browning 1995 15.34 8.55 8.02 7.28 6.67 8.60 
Juan Garcia 1991 18.72 9.29 6.35 8.40 9.99 6.55 
Damian Bishop 1991 16.60 7.51 8.38 9.85 7.12 9.05 
Tyler Fletcher 1991 19.09 9.36 6.97 9.51 9.81 8.47 
Kayla Villanueva 1991 15.02 9.23 7.17 8.32 9.59 6.86 
Mason Harmon 1998 18.83 6.40 9.92 9.21 9.82 9.55 
Brooks Novak 1999 19.83 9.17 8.89 7.10 8.94 6.39 
Brianna Harrell 1992 18.33 7.10 9.54 9.08 6.12 7.88 
Victoria Hurley 1998 16.43 8.30 7.11 9.05 6.11 7.59 
Caleb Mccarty 1990 15.02 8.94 9.67 8.01 6.49 6.91 
Melanie Leal 1990 18.44 9.70 8.97 6.92 9.59 7.82 
Daniela Nava 1999 18.79 9.54 7.08 7.66 6.09 7.64 
Ian Arellano 1997 15.41 9.05 9.42 9.22 6.52 9.44 
Hudson Figueroa 1999 19.13 9.42 7.58 9.05 7.60 6.09 
Adrian Galvan 1990 19.92 6.50 9.73 9.04 8.77 9.10 
Lauren Patel 1998 17.25 7.96 9.44 7.25 7.85 8.72 
Jeremiah Mccormick 1994 19.64 7.87 6.11 8.74 9.84 7.23 
Liliana Donovan 1995 15.20 9.79 9.39 8.87 6.48 7.32 
Justin Dorsey 1993 18.49 9.48 7.30 9.35 9.17 8.17 
Nolan Rodriguez 1990 16.22 8.77 7.55 7.70 7.26 7.60 
Kayla Ellison 1995 18.94 7.80 6.83 8.65 9.43 8.00 
Callie Nichols 1994 19.64 9.63 7.80 9.46 9.96 7.22 
Valerie Reynolds 1995 17.68 7.91 9.55 8.43 8.11 6.13 
Kinsley Avalos 1997 17.25 6.28 9.71 7.57 6.40 9.39 
Miguel Buck 1990 17.90 9.74 9.32 8.11 6.58 7.76 
Willow Poole 1994 16.39 8.05 7.38 9.69 9.06 7.91 
Alexandra Mcmahon 1997 15.75 7.09 6.40 9.97 7.98 7.32 
Noah Schmidt 1997 17.22 7.03 8.79 7.49 7.21 6.62 
Henry Dalton 1995 16.13 6.27 7.81 9.60 9.77 8.03 
Dean Rios 1998 19.56 7.29 6.85 7.26 9.41 6.85 
Elizabeth Rush 1992 19.47 6.91 9.42 8.47 6.74 8.54 
Andrea Sellers 1999 18.08 8.57 6.32 8.13 7.37 7.37 
Adeline Sheppard 1999 18.74 7.56 6.28 9.07 7.78 8.33 
Timothy Lloyd 1998 17.77 8.60 7.76 8.06 7.71 9.86 
Elliana Dunn 1998 18.78 7.65 6.60 6.74 7.58 6.72 
Sawyer Gilbert 1997 19.68 8.70 9.45 6.64 6.81 9.17 
Teagan Mccann 1997 16.92 6.94 6.34 7.13 7.35 8.26 
Elliott Graham 1997 16.86 8.27 9.63 8.87 6.37 8.32 
Mateo Bravo 1990 17.47 8.03 6.07 6.72 7.30 7.99 
Addison Valentine 1998 16.73 6.86 7.33 6.46 7.46 7.20 
Miles Wall 1999 18.58 8.55 7.85 7.91 9.08 8.68 
Ryker Mata 1999 19.96 7.96 6.93 8.28 6.32 9.17 
Jack Steele 1995 19.78 7.77 9.23 8.30 8.96 6.66 
Eliza Kelly 1990 15.50 8.54 9.60 7.40 6.45 6.36 
Clara Gordon 1997 18.84 7.93 7.57 6.06 9.88 9.23 
Iris Shelton 1993 16.18 7.11 8.99 9.80 6.14 8.71 
Parker Cruz 1999 18.35 9.08 9.50 8.04 9.11 6.92 
Leo Hendricks 1995 17.65 9.39 6.43 6.09 7.57 7.11 
Ayla Benson 1994 18.34 9.34 9.77 7.24 7.44 9.08 
Leah Powers 1993 17.32 8.14 9.22 6.45 9.73 9.49 
Chase Choi 1992 16.38 8.88 8.19 7.29 8.30 7.38 
Victoria Shaffer 1996 18.22 9.42 7.97 9.27 7.42 8.26 
Ryan Bruce 1994 19.85 6.30 10.00 7.15 9.38 8.29 
Thiago Lee 1992 19.14 6.47 6.02 9.36 6.96 6.05 
Mya Terry 1996 15.52 6.02 6.78 6.44 6.18 7.37 
Ashley Newman 1999 17.14 9.64 8.22 9.70 7.59 6.54 
Luis Blair 1996 19.74 7.29 6.24 9.70 8.70 6.96 
Nathaniel Johnson 1998 17.43 8.85 9.37 8.73 8.33 9.76 
King Blevins 1991 15.79 7.33 6.39 9.98 9.64 7.46 
Arabella Klein 1996 18.48 9.29 6.71 7.30 6.19 6.24 
Luke Mccarthy 1990 15.96 9.09 7.24 6.61 6.93 7.75 
Adrian Salinas 1990 16.72 9.19 9.25 8.62 7.11 9.77 
Madeline Cisneros 1991 15.58 7.12 9.51 8.72 6.94 9.72 
Lauren Ali 1997 19.31 8.10 7.05 9.36 7.18 9.18 
Leah Haley 1996 18.36 6.18 8.89 6.60 9.51 9.71 
Grant Ford 1994 17.90 6.53 7.98 7.43 8.91 7.86 
Jocelyn Shaw 1998 17.57 8.50 6.62 7.38 8.29 6.96 
Alice Cunningham 1994 15.19 8.41 9.99 9.14 9.98 8.77 
Bentley Medina 1991 15.07 7.55 9.44 6.40 9.84 8.24 
Victor Zuniga 1995 19.73 7.79 7.04 9.11 7.94 7.98 
Caleb Bailey 1996 15.46 7.99 6.85 9.82 6.17 9.49 
Steven Oliver 1997 17.36 9.87 6.28 9.37 9.56 9.51 
Elena Byrd 1999 15.25 8.03 7.85 7.60 6.10 7.81 
Carter Bartlett 1992 17.25 9.86 6.90 8.82 9.30 6.20 
Juliana Fitzgerald 1994 17.34 8.91 7.73 6.49 8.18 8.11 
Elizabeth Benitez 1993 16.98 8.54 7.92 6.88 7.25 6.74 
Serenity Nolan 1999 19.76 6.85 9.32 6.08 6.60 8.13 
Jose Peralta 1990 19.53 9.54 9.19 6.37 6.71 6.16 
Thomas Griffin 1995 18.53 8.17 7.80 6.68 8.71 9.27 
Bryce Larsen 1990 15.33 6.48 9.88 6.29 6.45 7.32 
James Barton 1996 15.49 8.04 8.28 6.57 7.97 9.92 
Laila Frederick 1999 17.58 6.15 9.02 7.29 7.12 6.32 
Nicholas Jarvis 1992 19.99 7.69 9.97 8.86 9.04 7.05 
Evelyn Martin 1997 19.48 8.69 6.08 8.52 7.92 9.74 
Isla Berry 1999 17.84 8.77 6.82 7.79 9.89 6.86 
Sofia Carroll 1999 17.48 8.00 6.01 9.70 6.07 8.68 
Diana Watkins 1997 18.71 6.87 8.66 6.64 9.42 7.95 
Isla Richard 1990 16.46 7.25 7.28 7.53 7.37 8.23 
Henry Glass 1996 18.39 6.60 8.97 7.89 7.04 6.22 
Giovanni Guzman 1996 18.23 6.09 7.27 9.69 6.02 8.47 
Lily Mendez 1997 17.31 9.30 9.95 8.93 8.45 7.37 
Delilah Kline 1991 15.41 7.51 6.14 7.37 8.82 7.48 
Nolan Pacheco 1998 15.97 9.64 7.53 7.01 6.84 7.06 
Emiliano Magana 1999 17.78 9.25 6.90 8.35 8.24 7.66 
Jaxson Johnston 1996 18.15 8.55 7.15 7.10 6.83 6.47 
Jackson Burton 1997 15.67 6.20 9.32 7.14 9.46 8.87 
Gabriel Green 1991 19.85 9.10 6.47 6.10 6.15 7.32 
Ezra Mcpherson 1995 15.61 7.55 9.21 6.70 7.93 9.19 
Josephine Patterson 1993 16.17 8.81 7.37 9.59 8.85 7.04 
Charles Gillespie 1997 15.50 6.73 7.85 8.18 9.03 7.62 
Wesley Watson 1990 17.66 9.03 6.68 6.76 8.95 7.44 
Tyler Hahn 1999 19.74 9.52 8.67 9.36 6.52 8.77 
Grayson Alexander 1996 15.21 9.95 9.28 8.55 9.17 6.12 
Iris Lynn 1994 15.14 8.11 6.20 6.30 8.78 6.43 
Parker Sims 1994 19.16 9.52 9.29 9.27 7.54 7.29 
Aaliyah Morrison 1992 15.88 7.76 8.19 8.80 8.45 6.93 
Skylar Mejia 1995 19.57 7.90 6.04 9.29 8.41 7.37 
Colton Hansen 1999 19.79 7.75 7.96 6.03 8.85 6.30 
David Rowland 1998 18.42 9.52 7.90 9.87 6.68 7.26 
Cecilia Moreno 1994 16.62 6.59 9.64 9.46 8.32 8.47 
Claire George 1997 15.73 9.24 8.45 7.58 8.17 8.51 
Josie Baldwin 1993 17.64 9.71 7.40 6.98 7.47 9.46 
Damian Solomon 1999 18.49 6.78 7.68 9.10 7.31 8.09 
Sara Perry 1998 18.36 6.52 9.36 9.79 6.07 6.70 
Layla Sandoval 1990 19.13 6.52 8.95 8.08 7.87 9.61 
Eli Maddox 1992 19.79 9.88 8.27 7.10 6.84 8.63 
Sarah Logan 1994 16.92 8.98 6.66 8.97 7.31 8.27 
Luis Herrera 1992 19.54 7.67 9.79 8.14 8.33 6.08 
Sawyer Lowe 1992 16.77 6.87 8.80 6.08 9.19 7.55 
Ivy Wang 1998 19.31 9.47 8.28 8.28 7.77 7.61 
Mateo Lindsey 1996 19.53 7.48 9.52 9.93 6.37 7.73 
Miguel Huffman 1994 18.59 7.80 7.53 9.53 8.41 7.82 
Kayla Mcgee 1993 19.07 8.61 8.34 9.01 6.30 9.96 
Dawson Gibson 1990 18.54 8.12 6.38 9.31 6.83 9.36 
Lucia Parra 1994 17.35 7.70 9.51 6.75 7.02 9.06 
Jordyn Tapia 1994 16.13 9.92 6.88 6.22 7.94 7.38 
Amir Holland 1993 18.49 8.82 6.34 9.23 7.11 8.32 
Mason Grimes 1994 19.05 8.11 9.43 8.02 9.04 7.10 
Layla Warner 1992 18.15 6.29 9.83 9.76 9.77 7.78 
Teagan Webster 1998 16.53 8.49 7.14 8.67 7.92 7.71 
Genesis Fitzpatrick 1995 17.51 8.85 8.32 8.31 7.87 8.45 
Thiago Stein 1990 16.62 9.31 7.31 9.74 7.28 9.10 
Tucker Archer 1990 19.44 9.77 8.95 8.37 9.64 7.73 
Xander Schultz 1991 19.85 6.70 7.08 7.22 9.60 9.14 
Kai Nunez 1995 15.59 7.91 9.82 6.34 6.67 9.16 
Lauren Chang 1997 18.46 7.18 7.61 9.09 8.96 7.69 
Caroline Singh 1999 19.21 7.50 6.38 7.54 7.23 8.38 
Mary Montoya 1994 16.41 7.54 7.43 9.18 8.49 7.73 
Elias Moses 1997 17.70 8.59 6.96 8.58 6.56 8.49 
Zachary Tate 1999 18.58 6.19 7.70 6.96 6.88 6.22 
Melanie Payne 1990 18.79 7.17 7.15 8.33 9.38 9.61 
Morgan Terrell 1999 17.34 9.31 9.67 7.72 8.19 7.10 
Amara Glover 1990 16.68 7.72 8.93 9.40 6.63 8.04 
Quinn Bautista 1990 17.37 9.99 6.13 7.03 7.09 9.89 
Mason Curtis 1994 19.62 8.90 6.97 7.70 8.48 8.25 
Joseph Mcconnell 1993 16.08 6.21 8.92 7.45 9.25 8.23 
Alexa Farley 1996 17.72 6.20 9.57 6.65 8.86 8.57 
Quinn Huang 1997 15.29 6.44 8.58 7.26 8.79 9.83 
Allison Frank 1999 16.40 7.89 6.46 7.71 7.53 6.14 
Mila Vega 1991 17.05 7.56 6.61 8.08 6.22 6.96 
Estefany Palacios 1991 15.49 6.82 9.85 9.22 8.26 7.36 
Luke Conway 1992 16.13 6.06 9.52 8.35 9.80 6.22 
Oliver Webb 1998 19.43 9.76 6.83 6.17 8.34 8.07 
Ayla Flowers 1992 19.88 6.82 6.37 7.59 9.04 8.63 
Trinity Gutierrez 1992 18.40 7.89 9.84 8.24 7.55 8.95 
Finley Barnes 1990 19.36 6.19 6.53 8.74 7.35 7.99 
Margaret Porter 1997 17.63 6.48 9.61 6.31 6.78 7.68 
Ava Stout 1997 18.96 8.94 6.47 7.64 8.62 6.90 
Tyler Chavez 1999 19.57 9.97 7.50 6.02 9.83 8.32 
Savannah Coffey 1997 17.25 9.42 8.58 6.20 8.86 7.22 
Caleb Larson 1997 16.51 9.78 7.78 7.07 9.19 8.68 
Alexis Christian 1999 15.51 6.63 6.44 7.92 7.97 9.68 
Faith Best 1995 15.74 6.14 8.82 6.95 8.40 8.81 
Jesus Whitney 1998 16.43 6.93 9.21 6.37 9.80 6.48 
Luna Farrell 1994 17.05 8.39 9.85 7.35 7.08 6.12 
Kinsley Sierra 1996 16.42 9.47 9.50 9.82 6.33 9.04 
Katherine Wilcox 1999 18.29 9.87 8.82 8.41 9.41 7.05 
Jordan Hoffman 1999 15.17 6.07 6.43 8.79 6.74 6.05 
Olivia Tanner 1995 17.16 7.01 7.49 8.03 9.61 8.38 
Sebastian Chan 1993 16.31 8.24 9.02 6.19 7.28 7.87 
Abraham Norris 1993 15.13 9.99 6.26 9.96 9.03 6.53 
Aubree Cortes 1992 17.12 7.53 6.98 9.95 6.69 6.43 
Carlos Rosales 1990 16.71 8.65 7.81 9.28 8.53 8.22 
Myles Evans 1990 17.14 6.34 9.35 7.29 6.20 6.54 
Jacob Kirby 1997 17.85 8.20 6.21 7.61 7.64 9.52 
Charles Stuart 1994 19.07 6.76 9.68 9.14 6.75 6.42 
Audrey Harvey 1998 15.63 7.52 8.51 9.52 9.06 8.83 
Chase Elliott 1998 16.87 9.11 8.49 6.52 6.16 8.95 
Zion Dickerson 1993 15.87 8.15 8.25 9.78 9.71 8.88 
Ayden Gross 1996 19.89 8.16 8.80 8.03 9.59 9.93 
Kayla Conrad 1994 16.90 6.02 9.24 8.56 7.48 9.64 
Sadie Clarke 1998 16.96 7.21 6.12 6.45 6.37 9.66 
Chase Mahoney 1994 17.90 9.41 9.53 6.88 6.97 7.55 
Jayden Sampson 1993 15.18 6.47 9.47 9.69 7.26 7.54 
Ryker Walker 1999 17.37 8.72 9.46 8.14 7.23 7.79 
Kaylee Ho 1991 16.11 9.73 8.07 7.59 6.64 8.76 
Maddox Nixon 1993 16.12 7.26 7.88 6.46 9.35 7.54 
Karter Hoover 1991 17.04 7.79 7.90 7.80 7.79 8.12 
Eliana Carrillo 1990 19.57 7.23 6.65 9.82 9.08 8.40 
Hazel Matthews 1997 16.00 8.29 8.54 7.64 8.96 7.42 
Julia James 1995 19.96 6.15 9.84 6.92 8.79 6.83 
Luis Shepherd 1996 15.90 8.68 6.32 8.20 8.03 9.02 
Beau Ochoa 1990 16.67 7.31 6.05 7.07 9.87 6.36 
Mya Stafford 1994 17.99 8.86 9.31 9.04 7.16 6.12 
Emery Pruitt 1998 19.07 8.27 8.63 9.74 8.50 6.75 
Aaliyah Barr 1991 16.75 6.21 7.56 9.91 8.57 6.73 
Jace Wilson 1997 15.66 8.63 8.72 9.15 8.63 9.76 
Chloe Douglas 1997 18.15 6.19 7.56 6.14 6.79 6.40 
Melanie Reyna 1998 19.54 7.76 9.16 9.19 7.09 7.36 
Serenity Ferguson 1991 19.68 6.00 9.70 8.57 9.81 7.29 
Richard Hudson 1995 15.72 7.71 6.27 9.90 9.93 6.75 
Beau Park 1990 16.65 7.42 7.92 9.73 6.12 6.05 
Cooper Kane 1992 17.95 9.25 9.33 7.36 6.50 6.73 
Greyson Dennis 1990 15.70 6.15 6.39 6.41 6.71 9.63 
Everleigh Parrish 1993 19.32 7.52 6.70 9.18 6.89 7.43 
Reese Booker 1991 16.24 9.53 9.43 8.39 6.30 9.00 
Savannah Clements 1996 19.90 8.54 7.55 8.19 6.08 9.20 
Declan Huerta 1994 16.49 9.05 8.16 9.02 9.46 8.47 
Madison Vaughan 1990 18.58 7.73 9.38 8.82 9.66 6.33 
Cameron Russell 1995 18.58 7.63 8.05 8.70 9.77 8.12 
Mason Camacho 1991 18.36 7.60 6.42 7.04 8.69 8.37 
Tristan Ellis 1999 17.88 8.39 7.56 6.54 9.92 9.48 
Liam Glenn 1991 17.61 8.75 7.63 9.51 9.73 6.92 
Ariana Preston 1991 16.07 9.32 8.56 6.58 9.36 7.00 
Grace Freeman 1996 16.67 9.53 7.75 8.25 6.33 9.86 
Claire Thornton 1996 15.42 9.14 6.95 9.15 9.57 7.37 
Aria Huynh 1993 19.29 7.61 7.20 7.51 6.57 6.04 
Emery Gallagher 1993 16.14 6.69 8.24 8.50 7.91 8.12 
Aubree Dejesus 1990 17.83 7.92 6.26 8.54 8.84 6.03 
Mila Stewart 1998 16.39 9.52 9.31 8.69 7.74 7.71 
Jesus Ryan 1995 16.12 8.86 9.56 9.21 7.30 9.97 
Diana Foster 1994 19.39 8.24 9.95 8.01 9.87 6.53 
Melanie Jordan 1999 18.89 8.27 6.63 6.11 8.90 8.30 
Tucker Dawson 1999 16.59 8.92 7.04 6.43 6.82 7.38 
Raelynn Dougherty 1998 15.26 9.14 7.18 7.65 6.91 8.81 
Lucas Delarosa 1992 17.52 9.75 9.01 9.79 9.70 9.98 
Patrick Duran 1998 18.74 6.68 9.32 7.07 8.70 7.88 
Myles Moon 1993 16.59 9.26 7.14 9.31 8.64 7.30 
Juan Fowler 1999 16.81 9.16 6.60 7.01 8.97 7.94 
Ryan Wilkins 1994 16.40 9.61 7.85 8.29 6.19 6.42 
Elias Ortega 1996 18.07 8.32 7.76 8.86 8.06 7.87 
Audrey Greene 1994 16.48 8.25 8.33 9.58 8.22 9.09 
Antonio Hall 1995 17.76 8.79 9.79 9.36 7.44 8.19 
Jason Stephens 1991 19.99 7.56 9.45 6.86 9.07 9.92 
Emma Church 1997 16.84 9.73 8.92 6.58 9.66 8.64 
Matthew Hart 1996 19.73 6.98 7.08 8.93 6.92 6.43 
Andrea Chase 1993 15.75 6.16 9.05 9.75 7.43 9.11 
Gianna Turner 1999 15.26 8.32 8.26 6.87 7.10 7.99 
Jason Daniel 1994 18.47 9.10 6.32 6.35 7.99 7.19 
Margaret Mathis 1997 16.38 9.53 9.09 9.48 9.30 8.30 
Faith Mcintyre 1991 17.90 9.82 9.78 8.69 7.32 8.68 
Dean French 1992 18.95 9.32 8.79 6.86 6.05 7.96 
Kaiden Contreras 1999 19.22 7.87 8.40 6.22 8.70 8.14 
Khloe Brown 1999 17.89 8.20 6.45 8.22 10.00 6.30 
Piper Andrade 1994 19.70 8.76 8.36 8.87 6.09 9.63 
Miles Hughes 1998 16.89 6.54 7.84 7.96 6.33 8.19 
Zion Savage 1992 17.61 9.76 6.61 9.83 8.14 9.12 
Everleigh Robles 1995 15.54 7.87 6.37 8.90 9.49 9.28 
Liliana Roman 1997 17.63 7.08 7.69 8.19 8.88 8.10 
Thomas Snow 1998 17.24 6.32 6.10 8.55 7.40 6.70 
Wyatt Friedman 1992 16.32 8.65 9.32 8.40 7.45 6.53 
Brayden Hull 1998 17.11 6.90 7.47 8.16 9.89 7.49 
Quinn Valenzuela 1991 16.79 8.50 6.16 9.40 9.08 7.15 
Aiden Pierce 1994 19.92 6.35 6.99 7.31 9.46 8.32 
Addison Mclean 1997 17.63 9.64 9.55 9.77 6.55 7.05 
Madison Hinton 1999 16.23 8.24 7.40 9.87 8.76 7.98 
Daniela Salgado 1996 16.59 7.66 7.35 9.81 6.94 9.49 
Sarah Thomas 1995 19.64 6.76 8.39 9.33 7.01 6.41 
Sara Simon 1995 19.32 7.44 8.70 9.82 8.51 7.67 
Vincent Copeland 1996 16.75 6.41 6.11 9.32 7.32 6.01 
Ava Bender 1992 17.52 6.44 7.27 9.32 6.14 9.03 
Chloe Franklin 1993 16.60 8.20 7.68 9.85 6.08 8.02 
Elizabeth Carlson 1990 19.23 9.04 8.21 6.75 7.88 8.59 
Kevin Everett 1996 19.82 8.93 6.79 9.84 6.66 9.03 
Eloise Mclaughlin 1995 16.84 7.00 7.67 8.26 7.58 6.74 
Allison Neal 1997 19.50 7.42 6.09 6.22 7.38 6.52 
Nevaeh Schwartz 1994 15.14 6.02 7.79 9.94 9.98 7.33 
Layla Rubio 1990 19.54 6.49 7.64 6.27 6.21 9.35 
Dawson Bennett 1998 18.99 8.86 9.71 7.65 9.66 7.85 
Colton Pennington 1997 16.98 9.36 7.68 8.78 9.23 6.94 
Levi Craig 1995 16.16 6.83 6.83 6.27 7.48 9.72 
Madeline Sharp 1997 18.49 7.60 9.42 7.56 9.96 9.18 
Waylon Potter 1995 18.72 9.53 6.36 7.88 10.00 9.57 
Leah Duncan 1994 15.09 8.55 8.13 9.72 8.63 8.39 
Zion Doyle 1997 17.69 7.72 8.36 8.16 6.27 7.98 
Scarlett Charles 1993 18.04 9.58 9.09 6.07 9.23 9.87 
Brayden Bass 1999 16.12 9.26 9.73 9.22 6.10 6.35 
Jonah Sweeney 1996 19.72 9.20 7.78 9.10 8.81 9.69 
Quinn Fry 1991 19.50 8.72 7.54 9.42 8.17 9.77 
Ryleigh Lopez 1997 19.30 7.07 7.95 7.78 7.95 9.06 
Mateo Jaramillo 1995 17.50 7.70 6.04 7.33 6.32 6.05 
Audrey Ortiz 1990 19.86 7.62 9.81 6.14 8.35 7.52 
Annabelle Mayo 1996 15.28 7.35 9.16 6.14 8.12 6.60 
Emersyn Anthony 1991 19.22 7.86 6.28 8.97 9.95 9.55 
Avery Ayala 1992 15.13 7.10 8.89 6.45 9.12 6.44 
Lucy Callahan 1994 19.38 9.43 9.78 7.98 7.02 6.50 
Zoey Burns 1993 17.16 8.66 9.99 8.26 7.03 6.09 
Anastasia Lang 1994 17.70 7.34 8.88 7.67 7.60 7.97 
Charlotte Robbins 1990 16.53 6.24 6.30 9.00 7.09 6.18 
Asher Guerrero 1993 16.94 8.31 7.47 9.34 8.81 8.06 
Tucker Meza 1990 15.24 7.03 8.29 8.74 7.94 7.33 
Jaxon Howell 1998 15.51 9.88 7.59 6.28 6.28 7.77 
Hailey Tucker 1995 15.64 6.58 7.22 8.05 6.61 6.45 
Chloe Alfaro 1995 16.04 6.34 7.67 9.20 8.61 7.18 
Asher Fuller 1994 15.47 7.05 6.25 7.87 7.01 8.79 
Beau Coleman 1999 19.60 6.86 9.87 8.11 9.75 9.48 
Anthony Chandler 1997 18.97 7.56 6.19 7.57 9.19 6.89 
Maya Dixon 1996 19.40 6.43 7.21 7.44 8.75 9.87 
Jasper Brock 1993 18.17 9.98 6.40 9.87 9.43 7.51 
Hannah Harrison 1998 16.54 6.64 9.91 7.37 8.82 7.92 
Leilani Roberts 1992 19.11 7.91 7.42 9.12 6.94 7.21 
Oliver Nelson 1996 19.41 8.92 7.92 9.96 7.88 6.88 
Alexander Weaver 1990 15.77 6.47 6.12 9.81 8.59 8.49 
Eden Bowers 1992 16.79 9.44 8.48 6.68 8.30 6.57 
Michael Corona 1994 16.45 7.23 6.66 8.58 7.99 7.83 
Henry Fischer 1990 19.15 7.09 7.78 7.51 6.36 6.83 
Xavier Fuentes 1999 15.35 9.56 6.29 6.60 9.51 6.79 
Maddox Carson 1993 17.33 9.65 9.24 8.95 6.88 8.53 
Benjamin Sosa 1998 17.53 8.45 8.18 6.29 6.67 9.09 
Luca Cole 1997 16.06 6.05 7.24 7.31 7.37 7.09 
Alan Lim 1997 15.13 6.53 9.28 9.09 6.21 7.42 
Stella Lin 1994 17.09 6.14 6.96 9.69 7.81 8.16 
Eleanor Bates 1994 19.07 9.37 7.49 9.35 8.43 8.30 
Sara Henderson 1997 18.63 8.80 6.69 9.79 8.54 8.67 
Brandon Young 1997 19.32 7.60 9.80 6.15 9.55 9.89 
Ivan Wu 1991 19.82 7.10 7.26 8.47 7.55 8.88 
Adrian Jacobs 1998 17.56 8.07 9.60 6.70 7.03 6.77 
Zoey Stanton 1997 19.31 6.61 9.65 8.37 8.02 8.53 
Sofia Ballard 1990 16.98 8.45 9.37 9.36 6.86 8.85 
Vincent Walsh 1991 16.71 6.16 7.16 9.80 7.41 9.69 
Clara Velazquez 1997 17.72 8.84 6.20 7.33 6.92 8.82 
Roman Bell 1996 15.41 6.94 7.90 8.29 7.23 7.29 
Aaliyah Phillips 1997 18.58 9.13 9.75 6.80 10.00 6.77 
King Hicks 1995 15.76 8.48 8.27 8.84 8.76 8.48 
Harrison Duarte 1996 16.46 6.15 6.68 8.19 7.36 9.68 
Grace Mueller 1995 17.83 9.62 9.43 9.79 7.71 9.32 
Miles Leonard 1991 18.04 9.04 8.43 6.34 9.41 9.04 
Carter Ramos 1997 18.64 8.32 6.36 8.76 8.28 7.58 
Amelia Norton 1991 15.64 8.19 7.44 9.94 8.67 9.67 
Melody Obrien 1992 16.55 6.07 9.92 7.64 7.74 9.41 
Luke Beasley 1994 18.84 9.77 7.64 7.46 7.28 6.69 
Vivian Wagner 1999 15.51 9.78 9.88 6.33 7.76 8.73 
Genevieve Ruiz 1999 17.64 6.71 8.04 9.65 8.80 8.93 
Nathaniel Cummings 1998 15.09 6.46 7.54 8.57 6.25 7.02 
Cooper Villarreal 1998 19.79 8.71 8.83 6.22 8.18 8.88 
Isabel Avila 1996 17.02 9.11 9.97 9.76 6.83 6.36 
Nora Walls 1990 17.61 6.19 8.45 9.17 6.36 7.75 
Landon Lambert 1992 15.34 7.75 6.74 6.72 7.91 6.89 
Vincent Calderon 1993 19.51 8.80 8.87 9.05 9.19 7.95 
Julian Duke 1997 18.34 7.83 7.92 6.78 7.71 9.93 
Connor Bauer 1999 19.57 8.79 9.75 6.91 6.60 8.77 
Elijah Stokes 1995 18.22 6.09 6.26 7.55 7.37 8.00 
Layla Mckinney 1992 18.66 7.19 7.03 7.14 9.29 7.38 
Sophie Huber 1991 18.73 8.73 9.92 8.96 8.66 8.15 
Brody Ingram 1999 16.20 7.85 7.03 9.02 6.79 6.25 
Emilia Cardenas 1990 19.63 9.20 6.55 9.04 7.14 8.34 
Jeremiah Gonzales 1992 15.14 6.16 8.40 8.17 9.51 9.82 
Cameron Shah 1991 16.06 9.62 8.82 8.04 6.15 9.94 
Leo Bond 1991 18.40 8.82 7.25 6.96 6.11 9.24 
Elise Austin 1993 15.89 7.29 7.61 7.85 6.00 8.80 
Maxwell Yoder 1999 15.29 9.55 6.45 8.50 9.21 8.01 
Tyler Bullock 1992 19.95 9.36 6.68 8.67 7.57 7.34 
Thomas Person 1998 16.04 6.81 7.52 6.92 9.38 8.38 
Leilani Pugh 1995 17.00 9.40 6.56 8.59 9.91 9.41 
Thiago Dickson 1994 18.06 6.42 8.33 8.49 8.19 6.49 
Elena Marshall 1994 18.24 7.27 7.98 7.77 9.73 7.81 
Jason Woodward 1999 15.58 6.10 9.61 6.11 6.91 8.17 
Lorenzo Duffy 1994 16.16 7.07 6.24 9.53 9.36 6.71 
Arabella Ahmed 1999 19.86 6.17 7.60 9.90 6.16 6.25 
Trinity Newton 1994 16.07 8.92 9.81 7.68 6.59 6.15 
Sophia Mckenzie 1995 18.04 8.06 9.44 7.23 9.20 7.72 
Emiliano Singleton 1999 18.40 8.24 6.81 8.83 9.09 7.53 
Brantley Rowe 1998 19.52 9.89 6.48 8.13 7.83 7.38 
Eloise Burke 1999 18.27 6.63 9.48 8.44 9.15 8.51 
Ellie Wilkerson 1996 18.26 7.85 8.86 6.65 8.28 7.16 
Lucy Hendrix 1996 16.61 7.09 8.31 6.66 6.02 6.40 
Brooklyn Jones 1998 16.20 7.33 6.93 6.89 7.81 7.30 
Milo Pollard 1992 15.40 6.54 8.91 9.34 7.31 7.98 
Lauren Powell 1993 16.86 7.77 8.12 6.06 6.42 8.44 
Alyssa Orr 1991 18.09 9.04 7.37 9.72 7.41 8.17 
Brayden Maldonado 1994 17.90 8.07 7.51 6.59 6.68 9.78 
Zoey Frazier 1998 16.10 6.04 7.45 8.83 8.65 6.21 
Emmanuel Andersen 1994 16.31 7.37 6.57 7.86 6.17 7.66 
Gavin Beard 1996 15.14 9.21 9.24 8.20 9.69 9.92 
Sarah Mora 1996 19.11 9.98 8.48 7.12 7.73 8.15 
Isabel Marks 1996 17.59 9.09 7.82 8.73 6.60 6.11 
Josiah Cohen 1990 16.32 8.20 9.99 7.45 8.72 9.86 
Nicholas Durham 1990 18.95 8.12 9.96 6.47 8.53 6.74 
London Orozco 1991 19.01 9.54 9.43 7.42 9.01 6.26 
Sawyer Cuevas 1991 19.35 7.10 6.62 7.63 9.93 8.25 
Dylan Lugo 1991 16.17 9.42 8.72 7.66 9.17 7.86 
Harrison Becker 1992 16.10 8.18 7.70 8.81 9.65 6.68 
Ellie Raymond 1994 15.32 7.53 9.66 7.94 8.24 7.25 
Evelyn Salas 1999 19.45 8.96 8.04 9.72 8.82 6.67 
Matteo Zhang 1997 18.33 6.57 9.92 8.16 6.72 6.70 
Ivan Horne 1999 18.48 7.83 6.05 8.77 6.07 7.00 
Ellie Levy 1999 19.38 7.35 7.28 6.21 7.01 6.47 
Kylie Murray 1996 16.06 8.31 8.34 6.64 7.02 7.01 
Everly Lara 1991 18.00 6.51 8.73 8.99 9.43 8.38 
Amir Espinoza 1993 17.77 6.44 6.68 7.01 8.76 8.79 
Brielle Gill 1992 19.78 9.99 7.53 9.35 8.13 9.70 
Lydia Brady 1995 17.03 8.40 8.23 7.14 6.74 9.68 
Anna Molina 1997 17.63 9.74 7.28 9.07 6.91 9.45 
Charlotte Parks 1995 17.09 6.64 6.74 6.35 8.05 6.05 
Anastasia Villa 1995 15.06 8.22 8.69 6.18 9.15 6.19 
Finley Russo 1997 18.44 9.22 9.47 9.19 9.74 8.19 
Violet White 1992 18.74 6.24 7.77 9.11 6.18 7.67 
Elena Colon 1993 18.48 9.09 9.17 8.76 6.84 6.52 
Joseph Nicholson 1995 15.40 7.37 8.63 9.06 6.60 9.42 
Remi Whitaker 1996 18.70 6.70 7.63 6.71 9.25 8.69 
Lyla Randolph 1996 15.41 7.62 6.07 8.43 8.11 6.16 
Emmanuel Dodson 1995 16.51 8.75 6.43 7.52 6.98 9.00 
Julian Black 1991 19.54 8.57 9.20 8.78 6.99 8.94 
Jade Weiss 1993 18.26 9.87 6.61 6.95 6.47 8.44 
Everleigh Murillo 1995 15.02 7.27 6.42 7.82 7.70 8.88 
Tyler Jensen 1992 19.56 6.03 9.13 7.93 8.42 7.12 
Andrea Marsh 1997 15.23 9.93 6.84 7.71 8.30 6.04 
Lorenzo Davis 1991 15.82 7.40 6.37 8.35 7.03 7.11 
Olivia Oneal 1997 16.58 7.26 9.72 9.13 7.96 8.23 
Aaron Mcdowell 1995 17.40 8.76 9.54 6.58 7.19 9.20 
Scarlett Johns 1995 15.48 7.48 7.88 7.68 9.63 7.13 
Charlotte Barron 1992 15.83 7.38 6.98 9.24 9.75 8.91 
Naomi Harrington 1994 16.14 6.14 6.54 7.00 7.37 9.22 
Weston Bryant 1995 15.19 9.26 7.44 7.81 6.70 9.69 
Alexandra Trevino 1995 17.95 7.70 6.40 9.08 6.53 8.06 
Isaiah Waller 1999 18.24 7.84 8.54 7.14 8.32 9.70 
Alina Gregory 1991 16.27 6.36 6.11 8.98 7.46 7.33 
Josephine Hampton 1996 16.50 7.85 6.26 8.72 9.66 7.09 
Andrea Atkinson 1997 16.66 7.90 9.33 7.62 7.49 6.13 
Brandon Hubbard 1991 15.53 8.32 8.30 9.66 9.47 7.75 
Vincent Greer 1990 18.47 6.54 7.47 7.26 9.79 7.72 
William Wolfe 1993 19.73 6.40 7.32 8.92 8.59 9.62 
Reese Decker 1995 17.96 9.30 8.43 9.06 7.54 6.08 
Addison Martinez 1994 18.61 6.42 6.82 7.64 9.89 9.19 
Bryce Vu 1995 17.85 6.21 7.23 8.34 6.08 8.08 
Dylan Curry 1991 19.88 7.15 8.65 6.35 7.78 9.77 
Gabriella Mcguire 1996 17.20 6.06 6.53 6.40 8.85 8.05 
Maddox Valdez 1991 17.61 8.80 7.26 6.22 7.22 7.96 
Madelyn Brooks 1999 19.03 7.19 9.59 8.24 8.46 8.10 
Vivian Esquivel 1995 15.10 8.43 9.06 9.44 6.77 6.98 
Bentley Peters 1992 18.48 8.32 8.11 8.54 7.15 9.50 
Emersyn Boyle 1998 15.42 7.57 8.72 8.07 9.44 8.69 
Zoey Cochran 1999 15.51 8.98 9.06 6.05 9.50 9.71 
Hunter Cook 1993 15.12 8.62 7.07 9.42 8.38 6.21 
Julian Weeks 1998 16.89 6.31 8.49 7.45 8.78 8.80 
Amir Portillo 1993 16.54 6.82 8.71 7.84 6.43 9.84 
King Manning 1990 17.10 9.89 7.17 8.30 9.11 6.85 
Nicholas Moore 1992 16.34 6.65 8.52 9.50 9.62 6.50 
Jocelyn Goodwin 1990 16.53 7.14 6.98 9.81 8.37 8.63 
George Reilly 1993 16.01 6.02 9.20 7.75 6.42 9.67 
Elias Buckley 1994 16.23 9.15 6.21 7.98 8.39 7.24 
Jasmine Hartman 1997 16.57 7.04 8.23 9.75 9.53 6.10 
Elise Bradshaw 1993 17.36 7.57 9.42 7.39 7.72 7.13 
Isaac Gomez 1997 18.11 8.87 9.13 9.44 6.03 6.23 
Brody Briggs 1996 19.11 6.07 9.61 8.12 6.02 9.29 
Jesus Knight 1996 15.32 6.86 9.20 7.57 8.92 9.64 
Genesis Ponce 1999 15.62 8.73 9.39 9.58 9.39 9.53 
Alexa Estrada 1997 17.19 8.38 7.58 8.39 7.64 8.39 
Zion Bowen 1991 16.65 9.93 8.77 9.16 8.31 7.38 
Zayden Underwood 1994 18.94 9.72 8.88 7.83 7.41 7.46 
Jaxson Kerr 1992 15.33 8.44 9.11 7.96 9.65 9.17 
Lauren Livingston 1994 18.17 9.35 8.79 6.35 6.17 7.92 
Brielle Williams 1990 18.13 9.18 7.04 7.96 7.59 9.51 
Leilani Monroe 1998 18.36 9.88 6.35 6.29 6.22 8.20 
Bella Eaton 1990 17.58 8.14 9.57 6.40 8.66 9.50 
Jude Marin 1990 17.08 7.42 7.69 8.85 6.54 8.27 
Joel Wiggins 1996 17.17 8.81 9.87 7.75 7.34 7.77 
Anthony Massey 1992 15.77 9.24 8.32 8.18 9.66 6.93 
Edward Montes 1996 15.13 7.12 7.40 6.66 6.86 9.32 
Parker Lucero 1994 17.66 6.81 7.79 8.40 7.68 7.37 
Dean Chung 1995 15.78 9.48 9.30 9.14 8.49 7.14 
Iris Truong 1992 15.13 8.26 6.91 9.87 7.81 6.06 
Sophia Cherry 1997 16.74 8.21 8.42 9.44 6.37 6.64 
Laila Leon 1995 18.33 9.27 9.05 9.61 6.49 9.34 
Elias Mathews 1998 16.34 8.83 9.61 6.04 7.19 8.73 
Gracie Conley 1990 15.80 7.93 7.90 9.71 9.59 7.84 
Nicolas Santana 1993 19.30 9.41 8.46 9.59 7.31 8.91 
Victor Richardson 1996 19.34 9.45 6.66 6.32 7.92 6.16 
Maxwell Collins 1992 15.37 8.33 8.34 7.50 6.49 6.80 
Abraham Bonilla 1992 17.10 6.33 9.88 8.55 7.04 8.51 
Braxton Booth 1997 15.59 9.27 8.44 8.40 7.00 9.35 
Lincoln Acevedo 1997 18.95 6.91 6.09 8.77 7.11 8.16 
Ryleigh Lester 1996 15.27 9.67 9.68 6.40 8.67 8.09 
Aiden Gibbs 1996 16.12 9.53 6.61 7.18 8.73 9.91 
Jose Oneill 1990 16.92 6.71 7.64 6.77 9.68 7.35 
Elizabeth Shannon 1996 18.24 8.01 8.66 8.87 8.64 8.24 
Alexandra Morse 1996 16.46 6.73 7.03 7.25 7.39 7.07 
Hudson Villalobos 1998 15.52 7.56 8.68 6.09 6.11 7.73 
Lorenzo Ross 1999 17.42 7.34 7.93 9.65 8.30 9.11 
Patrick Luna 1994 18.17 9.96 9.21 7.93 9.83 7.31 
Aubrey Christensen 1998 17.79 9.29 6.36 7.60 7.14 6.36 
Elise Stanley 1993 17.47 6.42 6.96 8.22 7.93 9.87 
Isabelle Gonzalez 1997 16.05 7.42 6.60 7.42 8.03 9.55 
Zoey Humphrey 1999 19.00 6.51 6.27 9.36 8.52 6.43 
Samantha Guevara 1993 17.32 7.19 6.38 9.17 6.30 6.97 
Ariana Short 1991 19.55 6.21 6.26 7.82 9.94 9.88 
Liliana Proctor 1996 17.76 8.64 8.79 8.24 7.39 8.57 
Finn Bradford 1990 16.27 6.39 6.59 7.44 7.83 9.95 
Sophia Koch 1994 18.33 8.22 6.24 7.38 8.84 6.69 
Jameson Rivera 1998 18.41 8.27 6.18 7.87 8.62 6.74 
Annabelle Sanchez 1992 17.32 9.63 7.58 9.53 9.13 6.01 
Autumn Mitchell 1997 19.38 6.80 7.34 9.78 6.04 6.34 
Cora Goodman 1998 17.94 9.50 8.27 7.47 6.41 6.80 
Margaret Mason 1996 16.99 9.38 6.50 7.38 6.29 6.42 
Kimberly Bridges 1996 17.42 8.85 9.23 6.87 7.40 6.09 
Calvin Waters 1999 18.25 8.11 6.67 7.66 6.41 8.37 
Scarlett Petersen 1996 16.02 9.15 6.39 6.65 9.79 7.07 
Josephine Owen 1998 16.01 6.19 9.02 7.36 6.41 6.94 
Brianna Allison 1998 17.60 8.38 6.61 7.18 6.52 7.34 
River Oconnell 1996 15.68 7.58 9.14 7.54 7.17 8.96 
Calvin Mullins 1998 17.49 9.68 7.57 7.24 9.67 9.21 
Riley Bryan 1996 16.09 8.34 6.63 7.45 6.82 9.02 
Grayson Cordova 1992 16.62 6.90 9.53 9.60 9.11 6.97 
Diana Cannon 1998 17.72 9.83 6.17 9.63 9.10 8.24 
Leilani Myers 1998 19.32 9.87 9.27 7.27 8.00 6.96 
Jaxon Caldwell 1993 17.24 8.28 7.14 8.84 8.59 9.20 
Juliana Miller 1992 18.37 7.67 6.20 7.88 8.23 7.96 
Milo Cervantes 1992 16.94 7.73 9.77 6.76 9.85 6.28 
Finley Serrano 1992 16.44 8.66 8.78 6.90 6.57 7.36 
Maxwell Washington 1996 17.84 7.29 8.23 6.68 9.06 8.71 
Daniel Blankenship 1997 15.48 7.93 8.26 7.27 9.27 8.42 
Jasper Ward 1995 18.43 7.56 9.52 9.77 9.44 7.37 
Xander Pineda 1994 17.23 8.45 8.08 8.62 8.89 8.04 
Jack Harding 1995 16.43 6.85 7.41 6.89 7.85 6.36 
Axel Day 1990 15.06 8.24 9.56 9.47 8.18 6.37 
Brooks Houston 1993 16.08 8.64 7.36 9.16 9.46 9.08 
Rachel Rich 1990 19.72 9.88 7.20 7.45 9.27 8.21 
Valerie Trujillo 1992 15.16 6.50 9.49 6.24 8.17 8.74 
Isla Munoz 1994 17.76 6.94 7.12 8.43 7.93 6.40 
Kayden David 1996 17.32 7.75 6.62 7.98 9.78 8.65 
Christopher Li 1999 18.88 8.45 6.96 9.17 8.47 9.17 
Michael Small 1993 15.26 6.96 8.07 6.57 9.55 9.87 
George Nguyen 1990 19.63 7.30 6.93 6.85 8.41 6.86 
Londyn Mcclure 1993 17.26 7.40 6.41 8.61 7.38 7.26 
Amara Beil 1996 18.70 6.33 7.54 7.11 9.41 7.60 
Maria Joseph 1999 15.73 9.82 6.39 6.04 8.43 9.68 
Reagan Castaneda 1996 15.68 9.91 7.67 6.70 8.44 9.52 
Andrew Odom 1997 19.00 7.62 8.87 9.83 9.05 8.04 
Cooper Howe 1998 15.01 9.10 9.57 8.08 8.31 9.13 
Emersyn Lu 1995 18.19 6.69 7.06 6.73 7.04 8.30 
Graham Michael 1996 15.06 7.42 9.82 8.03 7.97 8.18 
Cora Prince 1992 15.34 9.48 7.62 6.26 8.87 7.94 
Nicholas Costa 1996 15.75 6.43 6.11 8.89 6.78 7.28 
Brody Mckay 1995 17.26 7.64 7.40 6.08 9.21 6.15 
Steven Nielsen 1991 15.28 9.98 8.37 8.59 6.56 6.20 
Madelyn Lawson 1990 17.98 7.76 8.20 8.23 6.81 7.35 
Silas Marquez 1990 15.77 6.44 6.59 6.98 8.76 7.57 
